0,0,0.735,0,-0.0002841034233570099,0.019656234741210938,0,0,1,undefined,0,0,0.265,0,0,0,0.21200000000000002,0,0,0,0,0,0,0,0,0
-0.0010842254638671876,0.0016103115081787108,0.735,0.0010821041362363282,-0.016263381958007812,0.024154672622680663,0,0,1,undefined,0.0010842254638671876,-0.0016103115081787108,0.265,0,0.006291793222138376,-0.009344686479279487,0.21200000000000002,0,0,0,0,0,0,0,0,0
-0.0029274335023833156,0.0029031833942628404,0.735,0.000733038285837484,-0.027627119064331053,0.019422985076904296,0,0,1,undefined,0.0029274335023833156,-0.0029031833942628404,0.265,0,0.011543760711826733,-0.008521984824154004,0.21200000000000002,0,0,0,0,0,0,0,0,0
-0.004176956840539452,0.00500397432441073,0.736,-0.0022514747350732556,-0.01871974563598633,0.031525594711303714,0,0,1,undefined,0.004176956840539452,-0.00500397432441073,0.264,0,0.008714738546855299,-0.013642545125110836,0.20589696969696972,0,0,0,0,0,0,0,0,0
-0.005362206042251096,0.00752458088971772,0.74,-0.004136430327227103,-0.017863819122314453,0.03776897430419922,0,0,1,undefined,0.005362206042251096,-0.00752458088971772,0.26,0,0.009063214107265169,-0.01733478733497342,0.18646153846153846,0,0,0,0,0,0,0,0,0
-0.00545840554597612,0.011175112529683113,0.748,-0.006684611035138399,-0.001669482111930847,0.05475153732299805,0,0,1,undefined,0.00545840554597612,-0.011175112529683113,0.252,0,0.003247200100738186,-0.025244265095424438,0.15852307692307688,0,0,0,0,0,0,0,0,0
-0.0056869839589836066,0.014431913688932315,0.754,-0.004869468613064143,-0.0037551538944244384,0.04882800674438476,0,0,1,undefined,0.0056869839589836066,-0.014431913688932315,0.246,0,0.004074298818762886,-0.02475257847119263,0.16449230769230766,0,0,0,0,0,0,0,0,0
-0.005388899627782481,0.01654215572421598,0.761,-0.0033684854563493793,0.004317076206207276,0.03167502784729004,0,0,1,undefined,0.005388899627782481,-0.01654215572421598,0.239,0,0.001137292859855512,-0.019294730285231623,0.1546328358208955,0,0,0,0,0,0,0,0,0
-0.005550365136494125,0.019620551147949764,0.769,-0.002391101075232438,-0.0025775115489959717,0.046167510986328125,0,0,1,undefined,0.005550365136494125,-0.019620551147949764,0.23099999999999998,0,0.0036581970690138625,-0.026645250547519,0.14104999999999995,0,0,0,0,0,0,0,0,0
-0.005436028675758834,0.023523677638706518,0.778,-0.006230825429619725,0.0015750505924224853,0.05855083084106445,0,0,1,undefined,0.005436028675758834,-0.023523677638706518,0.22199999999999998,0,0.002102356472381698,-0.032778673769581934,0.12913846153846148,0,0,0,0,0,0,0,0,0
-0.005177926847001004,0.028072604845830594,0.789,-0.00970403064108849,0.003446301460266113,0.06825670623779297,0,0,1,undefined,0.005177926847001004,-0.028072604845830594,0.21099999999999997,0,0.001199184345573726,-0.03853052584589109,0.1095692307692307,0,0,0,0,0,0,0,0,0
-0.004412112476014693,0.03206497311577499,0.799,-0.010454522219446538,0.010905552864074707,0.05999417495727539,0,0,1,undefined,0.004412112476014693,-0.03206497311577499,0.20099999999999996,0,-0.0019175596057650983,-0.0375298541652804,0.1069538461538461,0,0,0,0,0,0,0,0,0
-0.003656834839589043,0.034531371471600146,0.809,-0.009459684545809477,0.010941777229309082,0.03711239242553711,0,0,1,undefined,0.003656834839589043,-0.034531371471600146,0.19099999999999995,0,-0.002238462160958977,-0.030546292267166295,0.09895384615384609,0,0,0,0,0,0,0,0,0
-0.0020560979619602664,0.03621894959473975,0.819,-0.00808087443673422,0.023770523071289063,0.0255396728515625,0,0,1,undefined,0.0020560979619602664,-0.03621894959473975,0.18100000000000005,0,-0.007591303437020971,-0.027196433921967744,0.09095384615384675,0,0,0,0,0,0,0,0,0
0.00030876510365569065,0.03749361231275007,0.83,-0.008028514559174305,0.035317283630371094,0.019405965805053712,0,0,1,undefined,-0.00030876510365569065,-0.03749361231275007,0.17000000000000004,0,-0.01288826059745223,-0.025610374637969068,0.07676923076923076,0,0,0,0,0,0,0,0,0
0.0029664667490499484,0.037776050180844956,0.84,-0.007278022980816257,0.039830226898193356,0.004556488990783691,0,0,1,undefined,-0.0029664667490499484,-0.037776050180844956,0.16000000000000003,0,-0.015793934542032515,-0.020408844380164163,0.07415384615384615,0,0,0,0,0,0,0,0,0
0.006556658760074702,0.03706920824677443,0.848,-0.008290313946973438,0.053928619384765626,-0.01021040916442871,0,0,1,undefined,-0.006556658760074702,-0.03706920824677443,0.15200000000000002,0,-0.02231722640819892,-0.014786199927558651,0.07917575757575757,0,0,0,0,0,0,0,0,0
0.010626518155893239,0.035667773526375034,0.854,-0.009546951008409188,0.06122006607055664,-0.020514698028564454,0,0,1,undefined,-0.010626518155893239,-0.035667773526375034,0.14600000000000002,0,-0.027227886593892588,-0.010287699807190787,0.08449230769230769,0,0,0,0,0,0,0,0,0
0.013972028860669465,0.033490121229847174,0.858,-0.009634217471009343,0.050492218017578125,-0.03218421173095703,0,0,1,undefined,-0.013972028860669465,-0.033490121229847174,0.14200000000000002,0,-0.02500030284066826,-0.00501924055669665,0.09206153846153847,0,0,0,0,0,0,0,0,0
0.017819347242124473,0.031140113435894384,0.86,-0.007801621756414967,0.05804669952392578,-0.034692501068115236,0,0,1,undefined,-0.017819347242124473,-0.031140113435894384,0.14,0,-0.029626003367358426,-0.002916168596662938,0.10123076923076924,0,0,0,0,0,0,0,0,0
0.02074827192039387,0.027776345202471023,0.862,-0.005654866776461986,0.044326171875,-0.050112236022949216,0,0,1,undefined,-0.02074827192039387,-0.027776345202471023,0.138,0,-0.026145268843186003,0.0042244255787364255,0.09963076923076923,0,0,0,0,0,0,0,0,0
0.023750080364119314,0.023983500853255377,0.862,-0.008272860654453318,0.04534812545776367,-0.05663713455200195,0,0,1,undefined,-0.023750080364119314,-0.023983500853255377,0.138,0,-0.027793721323027917,0.00812181809194013,0.11040000000000001,0,0,0,0,0,0,0,0,0
0.026596184484011673,0.020527498974655903,0.862,-0.010279989294246672,0.04311896133422852,-0.05148507690429688,0,0,1,undefined,-0.026596184484011673,-0.020527498974655903,0.138,0,-0.02886272414766717,0.008636260786262923,0.11040000000000001,0,0,0,0,0,0,0,0,0
0.029118503350422355,0.016517051524115842,0.863,-0.008813912722571704,0.038451183319091795,-0.05976459884643555,0,0,1,undefined,-0.029118503350422355,-0.016517051524115842,0.137,0,-0.027935185057692064,0.013008998596866638,0.10429696969696971,0,0,0,0,0,0,0,0,0
0.031151554558912886,0.013733814806334283,0.865,-0.010000736613927863,0.030862546920776366,-0.04147814559936523,0,0,1,undefined,-0.031151554558912886,-0.013733814806334283,0.135,0,-0.02652297609440546,0.008119751846425868,0.09723076923076923,0,0,0,0,0,0,0,0,0
0.032111038411463066,0.009097418965459259,0.871,-0.0072954762733363765,0.015087037086486817,-0.06939852905273437,0,0,1,undefined,-0.032111038411463066,-0.009097418965459259,0.129,0,-0.021221970719463273,0.020416498891212807,0.07089230769230769,0,0,0,0,0,0,0,0,0
0.03197055082188387,0.0047026975543073436,0.877,-0.003665191429188308,-0.001626338243484497,-0.06593444061279297,0,0,1,undefined,-0.03197055082188387,-0.0047026975543073436,0.123,0,-0.015228803774746244,0.02131253574443356,0.06609230769230767,0,0,0,0,0,0,0,0,0
0.03167390705421879,-0.0015136417928864688,0.884,-0.0030717794835104506,-0.004107866287231445,-0.09326077270507813,0,0,1,undefined,-0.03167390705421879,0.0015136417928864688,0.11599999999999999,0,-0.014239640931989752,0.03422941738133299,0.055107692307692274,0,0,0,0,0,0,0,0,0
0.03196956872295219,-0.005057708148125065,0.893,-0.005951572749300914,0.0045982027053833,-0.05314712142944336,0,0,1,undefined,-0.03196956872295219,0.005057708148125065,0.10699999999999998,0,-0.017576808731579005,0.02161228829457805,0.037138461538461495,0,0,0,0,0,0,0,0,0
0.031244742028655362,-0.007875883292810332,0.899,-0.007592182246175305,-0.010620620727539063,-0.04233658599853515,0,0,1,undefined,-0.031244742028655362,0.007875883292810332,0.10099999999999998,0,-0.01177859309002633,0.01888280983791794,0.04898181818181814,0,0,0,0,0,0,0,0,0
0.03225883871700921,-0.009864518187611433,0.905,-0.007138396640657518,0.015437480926513671,-0.029713176727294923,0,0,1,undefined,-0.03225883871700921,0.009864518187611433,0.09499999999999997,0,-0.021675260622939695,0.015807606174749238,0.043187499999999955,0,1421402740158,0,0,0,0,0,0,0
0.03200687814055141,-0.012895284060429496,0.912,-0.0065624379874988925,-0.0034547929763793944,-0.04548730850219727,0,0,1,undefined,-0.03200687814055141,0.012895284060429496,0.08799999999999997,0,-0.014706583162037063,0.022047172257954783,0.03437058823529407,0,1421402740158,0,0,0,0,0,0,0
0.03171367675408696,-0.014880870669944746,0.919,-0.007487462491055918,-0.0042024731636047365,-0.029812019348144533,0,0,1,undefined,-0.03171367675408696,0.014880870669944746,0.08099999999999996,0,-0.014253393294816017,0.018299112105758894,0.026518749999999938,0,1421402740158,0,0,0,0,0,0,0
0.0320257346387348,-0.015431260253892076,0.922,-0.007365289443416411,0.0047425518035888676,-0.008220564842224122,0,0,1,undefined,-0.0320257346387348,0.015431260253892076,0.07799999999999996,0,-0.01771943387603527,0.010725573164157998,0.04599374999999996,0,1421402740158,0,0,0,0,0,0,0
0.03155865641001883,-0.014626680843554965,0.924,-0.006771877497738553,-0.007094871997833252,0.012016761779785156,0,0,1,undefined,-0.03155865641001883,0.014626680843554965,0.07599999999999996,0,-0.013264291588846486,0.0029809897507314994,0.050030769230769184,0,1421402740158,0,0,0,0,0,0,0
0.031337475997707316,-0.01278978542567941,0.927,-0.006702064327658518,-0.0035042171478271485,0.027530332565307618,0,0,0.5,-0.7853981633974485,-0.031337475997707316,0.01278978542567941,-0.42700000000000005,-0.77869609906979,-0.015668737998853658,0.006394892712839705,-0.34160000000000007,-0.77869609906979,0,0,0,0,0,0,0,0
0.029675942510824033,-0.010633735965078283,0.929,-0.011554079648202986,-0.025139190673828124,0.03217298126220703,0,0,0.5,-0.7853981633974485,-0.029675942510824033,0.010633735965078283,-0.42900000000000005,-0.7738440837492455,-0.005751459999019061,-0.00647402750512327,-0.35413750000000005,-0.7511002619341933,0,0,0,0,0,0,0,0
0.030137709662467763,-0.0017680824474432533,0.926,-0.07658504757751139,0.005389562129974365,0.1330559539794922,0,0,0.5,-0.7853981633974485,-0.030137709662467763,0.0017680824474432533,-0.42600000000000005,-0.7088131158199371,-0.017517620029344573,-0.046130788036464136,-0.3248909090909091,-0.4132178070503535,0,0,0,0,0,0,0,0
0.027244651468924352,0.004438157493826928,0.923,-0.13733995883943392,-0.05039128112792969,0.08950049591064453,0,0,0.5,-0.7853981633974485,-0.027244651468924352,-0.004438157493826928,-0.42300000000000004,-0.6480582045580146,0.0021990862614783523,-0.03615945342573476,-0.32199375,-0.36326955801775257,0,0,0,0,0,0,0,0
0.02639936731954471,0.011103885787659085,0.924,-0.18222982720072783,-0.02624880409240723,0.09730852508544922,0,0,0.5,-0.7853981633974485,-0.02639936731954471,-0.011103885787659085,-0.42400000000000004,-0.6031683361967206,-0.008717116200940919,-0.040900502027787944,-0.34450303030303037,-0.39912348000902087,0,0,0,0,0,0,0,0
0.026390772303517464,0.01666626968815975,0.922,-0.22322761133007546,-0.015247262954711915,0.08203086853027344,0,0,0.5,-0.7853981633974485,-0.026390772303517464,-0.01666626968815975,-0.42200000000000004,-0.562170552067373,-0.01314910529622741,-0.038284432769852675,-0.3268307692307693,-0.3729500099319224,0,0,0,0,0,0,0,0
0.025058823709381346,0.020917409191334082,0.92,-0.26529004630313885,-0.03360015487670898,0.05776193618774414,0,0,0.5,-0.7853981633974485,-0.025058823709381346,-0.020917409191334082,-0.42000000000000004,-0.5201081170943096,-0.005357380963188499,-0.03334945576660576,-0.3252307692307693,-0.32597380183401703,0,0,0,0,0,0,0,0
0.02427973912167338,0.026040096293665632,0.92,-0.3082775057797584,-0.03142413902282715,0.07108815002441406,0,0,0.5,-0.7853981633974485,-0.02427973912167338,-0.026040096293665632,-0.42000000000000004,-0.4771206576176901,-0.00794479870394765,-0.04060374792861808,-0.3360000000000001,-0.27871699849483106,0,0,0,0,0,0,0,0
0.024069414079484413,0.030899412902882232,0.912,-0.345767178112597,-0.02512219429016113,0.06849630737304688,0,0,0.5,-0.7853981633974485,-0.024069414079484413,-0.030899412902882232,-0.41200000000000003,-0.4396309852848515,-0.010902187581801608,-0.04161525742414588,-0.28652307692307694,-0.2666017283640579,0,0,0,0,0,0,0,0
0.02440443102757175,0.03391442549336635,0.901,-0.37798595610441227,-0.010599817276000977,0.0442517204284668,0,0,0.5,-0.7853981633974485,-0.02440443102757175,-0.03391442549336635,-0.401,-0.40741220729303623,-0.01400615292656385,-0.03319189592621306,-0.2615692307692308,-0.2587101550231196,0,0,0,0,0,0,0,0
0.022343213675952163,0.03350906746602943,0.887,-0.4106410664092261,-0.026491777420043945,-0.017061519622802734,0,0,0.5,-0.7853981633974485,-0.022343213675952163,-0.03350906746602943,-0.387,-0.3747570969882224,-0.00024090876120553932,-0.01460490783047041,-0.23535757575757574,-0.22632477742088683,0,0,0,0,0,0,0,0
0.016367609845125756,0.032192839134244006,0.869,-0.4391946529718535,-0.07430081939697265,-0.05388372039794922,0,0,0.5,-0.7853981633974485,-0.016367609845125756,-0.032192839134244006,-0.369,-0.346203510425595,0.02399252339727162,-0.009009036242123583,-0.19827692307692302,-0.21441772629039157,0,0,0,0,0,0,0,0
0.013107489490948662,0.032996206224704686,0.846,-0.4673293605140023,-0.0493847541809082,-0.009886724472045898,0,0,0.5,-0.7853981633974485,-0.013107489490948662,-0.032996206224704686,-0.346,-0.3180688028834462,0.011000749469325402,-0.02082392590714062,-0.15295384615384605,-0.1882163065350671,0,0,0,0,0,0,0,0
0.009599464912944587,0.033053837137734327,0.824,-0.49309042027343847,-0.04736757278442383,-0.022933895111083985,0,0,0.5,-0.7853981633974485,-0.009599464912944587,-0.033053837137734327,-0.32399999999999995,-0.29230774312401003,0.014089630655857341,-0.016837238869796,-0.14073846153846142,-0.17341054423430471,0,0,0,0,0,0,0,0
0.004980840855163723,0.03215102581429713,0.802,-0.5172981369985996,-0.0546162109375,-0.04472236251831055,0,0,0.5,-0.7853981633974485,-0.004980840855163723,-0.03215102581429713,-0.30200000000000005,-0.2681000263988489,0.02237909372969971,-0.011214221165563658,-0.12313846153846209,-0.15637210305195132,0,0,0,0,0,0,0,0
-0.0008768445082245353,0.030173742206910117,0.781,-0.5401444969072056,-0.061701358795166014,-0.06923092651367188,0,0,0.5,-0.7853981633974485,0.0008768445082245353,-0.030173742206910117,-0.281,-0.24525366649024294,0.03197980498004904,-0.004439959371371149,-0.11172307692307686,-0.13980892845052317,0,0,0,0,0,0,0,0
-0.006548412783254583,0.028230923612210766,0.761,-0.5619960191421749,-0.05797527313232422,-0.06874332427978516,0,0,0.5,-0.7853981633974485,0.006548412783254583,-0.028230923612210766,-0.261,-0.2234021442552736,0.03381342018025062,-0.003654130911570415,-0.10110769230769225,-0.1225489647092613,0,0,0,0,0,0,0,0
-0.011722782032459486,0.02837035438107909,0.743,-0.5789431661790398,-0.06679222869873047,-0.039589698791503904,0,0,0.5,-0.7853981633974485,0.011722782032459486,-0.02837035438107909,-0.243,-0.20645499721840865,0.03372337928117922,-0.014935958253676666,-0.09747692307692302,-0.12823739550980118,0,0,0,0,0,0,0,0
-0.018217394704086474,0.027526293102203305,0.725,-0.5934468522631124,-0.0746166000366211,-0.06389961242675782,0,0,0.5,-0.7853981633974485,0.018217394704086474,-0.027526293102203305,-0.22499999999999998,-0.19195131113433606,0.044079688660803945,-0.009218201203308973,-0.08307692307692299,-0.12501122151553945,0,0,0,0,0,0,0,0
-0.02418989034807698,0.02702733937255377,0.711,-0.6112317573409352,-0.07008421325683593,-0.05630387496948242,0,0,0.5,-0.7853981633974485,0.02418989034807698,-0.02702733937255377,-0.21099999999999997,-0.17416640605651335,0.044254537103218125,-0.010826995757394773,-0.09341538461538454,-0.09208222877425469,0,0,0,0,0,0,0,0
-0.030922636075716478,0.026828817521133263,0.699,-0.626503388295885,-0.08099699401855469,-0.06039514923095703,0,0,0.5,-0.7853981633974485,0.030922636075716478,-0.026828817521133263,-0.19899999999999995,-0.15889477510156347,0.051165272654128305,-0.012361641366670003,-0.0955636363636363,-0.08947827076088222,0,0,0,0,0,0,0,0
-0.03664735293577198,0.027278238317177798,0.689,-0.6397853439035617,-0.07351493835449219,-0.04488636016845703,0,0,0.5,-0.7853981633974485,0.03664735293577198,-0.027278238317177798,-0.18899999999999995,-0.14561281949388682,0.04914907494510794,-0.016059077291136394,-0.0973538461538461,-0.08431148591999463,0,0,0,0,0,0,0,0
-0.04273748168747682,0.028215682798107558,0.679,-0.6530149396336788,-0.08167984771728516,-0.04325862121582031,0,0,0.5,-0.7853981633974485,0.04273748168747682,-0.028215682798107558,-0.17900000000000005,-0.13238322376376965,0.05318284626309203,-0.019004939433761484,-0.09096119402985134,-0.07314622795727485,0,0,0,0,0,0,0,0
-0.04659190076908952,0.029258079540826848,0.67,-0.6652147911051196,-0.05542105865478516,-0.02270929718017578,0,0,0.5,-0.7853981633974485,0.04659190076908952,-0.029258079540826848,-0.17000000000000004,-0.1201833722923289,0.04470938972683754,-0.02042013278552059,-0.086,-0.062088841475944324,0,0,0,0,0,0,0,0
-0.04986658217767978,0.030207416186305278,0.664,-0.6762976318552834,-0.04743637466430664,-0.019114536285400392,0,0,0.5,-0.7853981633974485,0.04986658217767978,-0.030207416186305278,-0.16400000000000003,-0.10910053154216515,0.04256619098124898,-0.020215520799574952,-0.09889230769230771,-0.0579489588491017,0,0,0,0,0,0,0,0
-0.052001771518894103,0.031145894281545763,0.658,-0.6873804726054475,-0.03378940582275391,-0.009067819595336915,0,0,0.5,-0.7853981633974485,0.052001771518894103,-0.031145894281545763,-0.15800000000000003,-0.09801769079200096,0.037498059135216484,-0.02062629073052934,-0.09409230769230771,-0.04686611809893546,0,0,0,0,0,0,0,0
-0.0546356854966851,0.03133814462996797,0.653,-0.6968576104437767,-0.03236649322509766,-0.0228399715423584,0,0,0.5,-0.7853981633974485,0.0546356854966851,-0.03133814462996797,-0.15300000000000002,-0.0885405529536718,0.04150045647490945,-0.016704266498795882,-0.09547692307692308,-0.04479991677676803,0,0,0,0,0,0,0,0
-0.0548093633224717,0.031677426975508634,0.649,-0.7055144435336682,-0.005264133453369141,0.0022307198047637937,0,0,0.5,-0.7853981633974485,0.0548093633224717,-0.031677426975508634,-0.14900000000000002,-0.07988371986378029,0.028325700434346623,-0.017637938047439645,-0.0979878787878788,-0.040534478546091594,0,0,0,0,0,0,0,0
-0.054595440922227984,0.03120352121305169,0.648,-0.7121117881062073,0.007052205562591553,-0.0033309197425842284,0,0,0.5,-0.7853981633974485,0.054595440922227984,-0.03120352121305169,-0.14800000000000002,-0.07328637529124116,0.026127832334781158,-0.013010088468089428,-0.11293125000000001,-0.042361322607463975,0,0,0,0,0,0,0,0
-0.05278932580942747,0.030818577669413143,0.645,-0.7194072643795437,0.02428102111816406,0.013331710815429687,0,0,0.5,-0.7853981633974485,0.05278932580942747,-0.030818577669413143,-0.14500000000000002,-0.06599089901790478,0.016669427681941726,-0.013336515907422093,-0.09984615384615386,-0.032319470064044585,0,0,0,0,0,0,0,0
-0.050538266536588015,0.03034146909614764,0.646,-0.725271570666244,0.030114362716674805,0.01686646842956543,0,0,0.5,-0.7853981633974485,0.050538266536588015,-0.03034146909614764,-0.14600000000000002,-0.060126592731204465,0.013331697730509035,-0.012640613326211313,-0.12210303030303032,-0.03347065506438485,0,0,0,0,0,0,0,0
-0.04657588710163504,0.02895514263911624,0.643,-0.7299839596466293,0.05827093505859375,0.023864770889282228,0,0,0.5,-0.7853981633974485,0.04657588710163504,-0.02895514263911624,-0.14300000000000002,-0.05541420375081918,0.001952054285686098,-0.0070127365509274914,-0.09824615384615384,-0.033664716149040944,0,0,0,0,0,0,0,0
-0.04162986413753284,0.026823139518301634,0.641,-0.7367732904368867,0.07661167907714844,0.025643346786499023,0,0,0.5,-0.7853981633974485,0.04162986413753284,-0.026823139518301634,-0.14100000000000001,-0.04862487296056184,-0.005817499276399241,-0.0019315529547644806,-0.10203076923076923,-0.01728950008245103,0,0,0,0,0,0,0,0
-0.036307111103847906,0.024534130734402852,0.637,-0.7444876457307019,0.08220352172851562,0.028215505599975585,0,0,0.5,-0.7853981633974485,0.036307111103847906,-0.024534130734402852,-0.137,-0.04091051766674658,-0.010073165081253735,-0.00012838242228364882,-0.08838787878787879,-0.00584526633122269,0,0,0,0,0,0,0,0
-0.030173492759867294,0.022284689312564002,0.635,-0.7501599657996836,0.09052633666992188,0.03752687072753906,0,0,0.5,-0.7853981633974485,0.030173492759867294,-0.022284689312564002,-0.135,-0.03523819759776492,-0.01794042931842349,0.0009700322305425738,-0.09723076923076923,-0.009058258817849558,0,0,0,0,0,0,0,0
-0.02520587365995822,0.020734676895984967,0.632,-0.7554308601407065,0.07036409759521485,0.033791179656982424,0,0,0.5,-0.7853981633974485,0.02520587365995822,-0.020734676895984967,-0.132,-0.029967303256742017,-0.014563730122648636,-0.0018907080448258874,-0.08919375,-0.0052599860331971615,0,0,0,0,0,0,0,0
-0.018489854199311127,0.01893025307788312,0.629,-0.760893740699448,0.09189329528808594,0.04936412048339844,0,0,0.5,-0.7853981633974485,0.018489854199311127,-0.01893025307788312,-0.129,-0.02450442269800046,-0.026370327615897207,0.00010378764796216758,-0.08729090909090909,0.00032685256900661167,0,0,0,0,0,0,0,0
-0.011978734548259252,0.01668362800077455,0.624,-0.7656584895573928,0.09397029113769531,0.04294223022460938,0,0,0.5,-0.7853981633974485,0.011978734548259252,-0.01668362800077455,-0.124,-0.019739673840055705,-0.02961831831756031,0.003944416890050224,-0.07185624999999998,0.0025950864315603395,0,0,0,0,0,0,0,0
-0.0039722175291476165,0.013344180283124306,0.619,-0.7700043593948591,0.12129576873779296,0.04711674118041992,0,0,0.5,-0.7853981633974485,0.0039722175291476165,-0.013344180283124306,-0.119,-0.015393804002589384,-0.04047269360950304,0.011037102300522468,-0.06868484848484847,0.004360149804075706,0,0,0,0,0,0,0,0
0.003982213144711776,0.0095649504937549,0.614,-0.7729365125382095,0.12512120056152343,0.04236369705200195,0,0,0.5,-0.7853981633974485,-0.003982213144711776,-0.0095649504937549,-0.11399999999999999,-0.012461650859239004,-0.044822656354675694,0.015567223618957807,-0.06427692307692306,0.0010713636485319786,0,0,0,0,0,0,0,0
0.009662164266280747,0.006257025166232402,0.61,-0.7776139949335541,0.09563694000244141,0.02396923065185547,0,0,0.5,-0.7853981633974485,-0.009662164266280747,-0.006257025166232402,-0.10999999999999999,-0.007784168463894403,-0.03541543432620406,0.014683393026620327,-0.06646153846153843,0.013804211822311445,0,0,0,0,0,0,0,0
0.016151072020744166,0.003632249436565909,0.604,-0.7871609459419628,0.09698131561279297,0.040231616973876956,0,0,0.5,-0.7853981633974485,-0.016151072020744166,-0.003632249436565909,-0.10399999999999998,0.0017627825445143408,-0.04301580853440587,0.012317283056844314,-0.05089230769230767,0.04582563335255469,0,0,0,0,0,0,0,0
0.02315232285115074,0.0008797645431779743,0.601,-0.7901454589628736,0.1033743896484375,0.04524726486206055,0,0,0.5,-0.7853981633974485,-0.02315232285115074,-0.0008797645431779743,-0.10099999999999998,0.00474729556542508,-0.048704006738337496,0.014156628526680363,-0.06489090909090905,0.01831326384229208,0,0,0,0,0,0,0,0
0.026788907478094714,-0.001179104726805095,0.599,-0.7887317422687576,0.06032928848266601,0.017020790100097657,0,0,0.5,-0.7853981633974485,-0.026788907478094714,0.001179104726805095,-0.09899999999999998,0.0033335788713091397,-0.03297606326874568,0.011675771509465228,-0.06843076923076921,-0.00319126740922597,1421402743285,0,0,0,0,0,0,0
0.028450200523867916,-0.0026210949281968293,0.598,-0.7886619290986785,0.032907352447509766,0.002435770511627197,0,0,0.5,-0.7853981633974485,-0.028450200523867916,0.0026210949281968293,-0.09799999999999998,0.0032637657012299925,-0.023170524354558894,0.009075110086976982,-0.0730153846153846,0.0029415510700954673,1421402743285,0,0,0,0,0,0,0
0.029995371543593656,-0.00403778675179034,0.598,-0.7900756457927935,0.03141068458557129,0.00146525239944458,0,0,0.5,-0.7853981633974485,-0.029995371543593656,0.00403778675179034,-0.09799999999999998,0.004677482395345045,-0.023317837416473888,0.009647233964475612,-0.07839999999999998,0.011202328675876057,1421402743285,0,0,0,0,0,0,0
0.030906605258237768,-0.005502768353995149,0.6,-0.791489362486909,0.02523076629638672,-0.0057554302215576175,0,0,0.5,-0.7853981633974485,-0.030906605258237768,0.005502768353995149,-0.09999999999999998,0.006091199089460542,-0.020143476160375342,0.01029173065893409,-0.09029411764705882,0.012328184504675967,1421402743285,0,0,0,0,0,0,0
0.030937162534915314,-0.00653185070627649,0.598,-0.7925016534530658,0.011303478240966797,-0.010522301673889161,0,0,0.5,-0.7853981633974485,-0.030937162534915314,0.00653185070627649,-0.09799999999999998,0.007103490055617279,-0.015635691374287986,0.008893719467176828,-0.06746249999999998,0.011848603959476983,1421402743285,0,0,0,0,0,0,0
0.03005596012383522,-0.007210135681203521,0.596,-0.7952069137936573,-0.0020347132682800293,-0.01655573272705078,0,0,0.5,-0.7853981633974485,-0.03005596012383522,0.007210135681203521,-0.09599999999999997,0.009808750396208765,-0.010283044002255562,0.007257371551747311,-0.0660307692307692,0.022294567352784858,1421402743612,0,0,0,0,0,0,0
0.029364496525279133,-0.008032194892836705,0.58,-0.7864802675336853,0.001542569637298584,-0.01603897476196289,0,0,0.5,-0.7853981633974485,-0.029364496525279133,0.008032194892836705,-0.07999999999999996,0.0010821041362367723,-0.010840783826216865,0.008583093066602708,0.024888888888888988,-0.04047335424458224,1421402743675,0,0,0,0,0,0,0
0.028134768262858784,-0.012040364623627228,0.558,-0.7900407392077538,0.02952992248535156,-0.05552437591552734,0,0,0.5,-0.7853981633974485,-0.028134768262858784,0.012040364623627228,-0.05800000000000005,0.0046425758103052495,-0.007737900427795244,0.02665046769088248,0.06683529411764652,0.02035053907825441,1421402743743,0,0,0,0,0,0,0
0.027028076004770907,-0.019477677332287294,0.52,-0.7944389689227791,0.06756636810302734,-0.09031015014648437,0,0,0.5,-0.7853981633974485,-0.027028076004770907,0.019477677332287294,-0.020000000000000018,0.009040805525330597,-0.007365747679675028,0.05105724260314401,0.19511111111111126,0.029984756549260822,1421402743806,0,0,0,0,0,0,0
0.026878350499640304,-0.030184995946926585,0.487,-0.794561141970419,0.11301670074462891,-0.1141392593383789,0,0,0.5,-0.7853981633974485,-0.026878350499640304,0.030184995946926585,0.013000000000000012,0.009162978572970548,-0.012632960991424592,0.0727472905138287,0.18809230769230784,0.009726854177462628,1421402743871,0,0,0,0,0,0,0
0.027043388507636896,-0.04161719721872042,0.44,-0.7934964911267024,0.12409715270996094,-0.11837419891357422,0,0,0.5,-0.7853981633974485,-0.027043388507636896,0.04161719721872042,0.06,0.008098327729253896,-0.014410360450723175,0.08236660545748084,0.30107692307692296,0.0031845546044078077,1421402743936,0,0,0,0,0,0,0
0.026586980401414342,-0.05344385248834567,0.394,-0.7930776121062235,0.1216507797241211,-0.12930064392089843,0,0,0.5,-0.7853981633974485,-0.026586980401414342,0.05344385248834567,0.10599999999999998,0.007679448708775016,-0.010909268750290847,0.0885029612347525,0.3250985074626864,0.005803871005138243,0,0,0,0,0,0,0,0
0.02648464503244788,-0.06401611442116084,0.343,-0.7928507193034651,0.11191653442382812,-0.11236506652832032,0,0,0.5,-0.7853981633974485,-0.02648464503244788,0.06401611442116084,0.15699999999999997,0.007452555906016567,-0.012673792688632475,0.09074284572622027,0.4089333333333332,0.006372113988119189,0,0,0,0,0,0,0,0
0.024505016606190335,-0.07174351144361633,0.293,-0.7952767269637363,0.061729896545410154,-0.10250135803222657,0,0,0.5,-0.7853981633974485,-0.024505016606190335,0.07174351144361633,0.20700000000000002,0.009878563566287801,-0.0020632443444166346,0.07564512274915261,0.4229529411764708,0.02058153853807266,0,0,0,0,0,0,0,0
0.0244224414272156,-0.07588279520419619,0.249,-0.7979819873043278,0.04346814346313477,-0.04435234451293945,0,0,0.5,-0.7853981633974485,-0.0244224414272156,0.07588279520419619,0.251,0.012583823906879288,-0.011759637703589714,0.06057810566776918,0.4414249999999999,0.02526473175340188,0,0,0,0,0,0,0,0
0.02702785590268278,-0.07742895721915699,0.22,-0.7993957039984433,0.04388925552368164,0.01178828239440918,0,0,0.5,-0.7853981633974485,-0.02702785590268278,0.07742895721915699,0.28,0.013997540600994784,-0.027124302076916205,0.04679144435937372,0.375492537313433,0.020327615350765663,0,0,0,0,0,0,0,0
0.029535133351216353,-0.07805538016886625,0.19,-0.8007919674000387,0.03295542144775391,0.02041275405883789,0,0,0.5,-0.7853981633974485,-0.029535133351216353,0.07805538016886625,0.31,0.015393804002590161,-0.028268291398481263,0.04240073673671374,0.40953846153846135,0.021838096625338053,0,0,0,0,0,0,0,0
0.03886860158252973,-0.07155077650798836,0.164,-0.8030783487201513,0.027415210723876954,0.16843008422851563,0,0,0.5,-0.7853981633974485,-0.03886860158252973,0.07155077650798836,0.33599999999999997,0.01768018532270277,-0.0721232343551307,-0.0009441485412842385,0.41557419354838687,0.02874332074260248,0,0,0,0,0,0,0,0
0.03886860158252973,-0.07155077650798836,0,-0.8110545034017652,0,0,0,0,0.5,-0.7853981633974485,-0.03886860158252973,0.07155077650798836,0.5,0.025656340004316713,-0.019434300791264864,0.03577538825399418,1.26969696969697,0.06191158855710737,0,0,0,0,0,0,0,0
